self.initial_point_parameters:[200. 500.]
MAP_logP:[-42.63760096]
self.map_parameter_set:[166.27887143 498.81923162]
self.map_index:6238
self.mu_AP_parameter_set:[172.48054955 503.16633213]
self.stdap_parameter_set:[ 52.41496924 173.48708123]
self.info_gain:0.04401948269064805
evidence:3.156744973805487e-24
posterior_cov_matrix:
[[ 2747.650438     261.59384844]
 [  261.59384844 30101.28879474]]
