self.initial_point_parameters:[200. 500.]
MAP_logP:[-42.63744523]
self.map_parameter_set:[164.62895888 501.27312775]
self.map_index:88
self.mu_AP_parameter_set:[170.07045816 509.60803021]
self.stdap_parameter_set:[ 53.48663316 174.9478916 ]
self.info_gain:0.04386580191602809
evidence:3.1327790939239417e-24
posterior_cov_matrix:
[[ 2861.15764589  -277.91734413]
 [ -277.91734413 30610.3778995 ]]
