self.initial_point_parameters:[200. 500.]
MAP_logP:[-42.6374423]
self.map_parameter_set:[164.62392791 501.13366937]
self.map_index:4101
self.mu_AP_parameter_set:[167.84027128 502.04056947]
self.stdap_parameter_set:[ 53.05579689 177.85522536]
self.info_gain:0.045773337297763894
evidence:3.1194501256472092e-24
posterior_cov_matrix:
[[ 2.81524739e+03 -2.34587842e+01]
 [-2.34587842e+01  3.16361874e+04]]
