centerPoint: [0. 0.]
highest_MAP_logP: [-40.569097]
highest_MAP_logP_parameter_set: [   219.58067518 151101.76467229]
highest_MAP_initial_point_index: 310356
highest_MAP_initial_point_parameters: [   219.58067518 151101.76467229]
self.mu_AP_parameter_set : [   234.28857402 134087.38848915]
self.stdap_parameter_set : [1.47552021e+02 2.48485817e+05]
