centerPoint: [200. 500.]
highest_MAP_logP: [-42.6373872]
highest_MAP_logP_parameter_set: [165.15368022 500.13540877]
highest_MAP_initial_point_index: 43
highest_MAP_initial_point_parameters: [ 225.77781584 1049.85797561]
self.mu_AP_parameter_set : [165.15471135 500.09900452]
self.stdap_parameter_set : [0.06148084 4.62689106]
