centerPoint: [200. 500.]
highest_MAP_logP: [-40.56508217]
highest_MAP_logP_parameter_set: [   230.90737948 158729.19867734]
highest_MAP_initial_point_index: 223125
highest_MAP_initial_point_parameters: [   230.90737948 158729.19867734]
self.mu_AP_parameter_set : None
self.stdap_parameter_set : None
