centerPoint: [200. 500.]
highest_MAP_logP: [-42.63738731]
highest_MAP_logP_parameter_set: [165.1707312  500.06152225]
highest_MAP_initial_point_index: 2
highest_MAP_initial_point_parameters: (300.0, 500.0)
self.mu_AP_parameter_set : [165.14987225 500.10620427]
self.stdap_parameter_set : [0.02303432 0.09479811]
