self.initial_point_parameters:[0. 0. 0. 0. 0. 0. 0.]
MAP_logP:[-1.8617141]
self.map_parameter_set:[5567.24724176 6248.55632719 1253.95249185 3842.31648097  777.39438456
 2945.23670057 2162.01200122]
self.map_index:0
self.mu_AP_parameter_set:[ 6852.89027837  3832.71063581  3362.59789364  7562.18847472
  8915.47192965 10569.87619863  4965.02952863]
self.stdap_parameter_set:[5737.7221815  3108.5418731  2170.97453309 3175.30042626 3973.1414023
 6397.1322375  3365.71011395]
self.info_gain:0.016222578045780336
evidence:1.2781529366111585e-07
posterior_cov_matrix:
[[33086890.28345742  -980669.48579755 -1517572.64002814 -3447252.11248564
  -5695593.90070953 18860035.51166006   692378.73107637]
 [ -980669.48579755  9711590.5294424   3416381.72461304 -3293705.50451826
  -3291228.18666983 -9127504.63061453  1924980.71947633]
 [-1517572.64002814  3416381.72461304  4736814.49581489 -2025816.21411522
  -1808704.44656059 -3005993.91584339  1915047.46952396]
 [-3447252.11248564 -3293705.50451826 -2025816.21411522 10133198.79093891
   5701083.17675271 -4418900.2985322  -1275715.13294861]
 [-5695593.90070953 -3291228.18666983 -1808704.44656059  5701083.17675271
  15865178.4951606   1755987.89810434 -4950527.80073139]
 [18860035.51166006 -9127504.63061453 -3005993.91584339 -4418900.2985322
   1755987.89810434 41128945.59205025 -4321320.64524877]
 [  692378.73107637  1924980.71947633  1915047.46952396 -1275715.13294861
  -4950527.80073139 -4321320.64524877 11384929.21723991]]
Convergence Status: Warning - The difference between the MAP parameter set and mu_AP parameter set is greater than 10% of the prior standard deviations in at least one parameter. This means that either your posterior distribution is asymmetric or that it is not yet converged. This may mean that you need to increase your mcmc_length, increase or decrease your mcmc_relative_step_length, or change what is used for the model response.  There is no general method for knowing the right  value for mcmc_relative_step_length since it depends on the sharpness and smoothness of the response. See for example https://www.sciencedirect.com/science/article/pii/S0039602816300632