map_logP:[402.42199725]
map_index:277
map_parameter_set:[24.14051866 34.11042989 14.14615891 13.63522979 -0.07232592  0.22872992]
info_gain:9.297206158332301
evidence:4.14742800267346e+175
