MAP_logP:[402.80831129]
self.map_index:15165
self.map_parameter_set:[25.61488292 38.45873455 15.05768243 13.07376599  0.0934341   0.11635991]
self.muap_parameter_set:[40.61885254 40.54215499 13.43874217 13.20307921  0.10350525  0.10716417]
self.info_gain:9.07250905704475
evidence:3.724449670008849e+175
