self.initial_point_parameters:[200. 500.]
MAP_logP:[-42.64941927]
self.map_parameter_set:[167.72156121 470.43647231]
self.map_index:39
self.mu_AP_parameter_set:[146.76489861 477.38335183]
self.stdap_parameter_set:[ 47.94193304 107.43460935]
self.info_gain:0.06777911440006901
evidence:1.819250148463885e-23
posterior_cov_matrix:
[[ 2304.11812397   770.76329792]
 [  770.76329792 11570.76507606]]
