MAP_logP:[-42.63819194]
self.map_index:61
self.map_parameter_set:[167.03853993 495.52693491]
self.mu_AP_parameter_set:[137.86102801 602.53687437]
self.stdap_parameter_set:[ 60.64704291 143.25127953]
self.info_gain:0.09793714052660454
evidence:2.3373469866991487e-23
posterior_cov_matrix:
[[ 3722.91825025  -177.1950337 ]
 [ -177.1950337  20771.18431871]]
