self.initial_point_parameters:[200. 500.]
MAP_logP:[-42.64324584]
self.map_parameter_set:[161.79572789 518.3285868 ]
self.map_index:55
self.mu_AP_parameter_set:[179.25431408 481.23424139]
self.stdap_parameter_set:[ 57.56834217 168.00767601]
self.info_gain:0.05600101987025878
evidence:1.6580923937024463e-23
posterior_cov_matrix:
[[ 3324.43836295  -759.96814404]
 [ -759.96814404 28314.51246686]]
