MAP_logP:[-42.63950733]
self.map_index:25
self.map_parameter_set:[161.58260528 503.91950456]
self.mu_AP_parameter_set:[178.35090089 562.198248  ]
self.stdap_parameter_set:[ 45.46872207 110.11405061]
self.info_gain:0.15620308073843037
evidence:3.4989051630027283e-23
posterior_cov_matrix:
[[ 2093.24724552 -2525.10926335]
 [-2525.10926335 12276.66794317]]
