self.initial_point_parameters:[200. 500.]
MAP_logP:[-42.63965771]
self.map_parameter_set:[161.29462084 500.74405231]
self.map_index:62
self.mu_AP_parameter_set:[177.8077883  516.60639849]
self.stdap_parameter_set:[35.11595027 87.93042478]
self.info_gain:0.20847458593707852
evidence:4.911912175174312e-23
posterior_cov_matrix:
[[1249.57169592 -225.09606047]
 [-225.09606047 7834.84972974]]
