self.initial_point_parameters:[200. 500.]
MAP_logP:[-42.63844146]
self.map_parameter_set:[164.24058617 491.51684378]
self.map_index:244
self.mu_AP_parameter_set:[156.76368217 456.02434683]
self.stdap_parameter_set:[ 49.79803134 164.82069753]
self.info_gain:0.10783548134221876
evidence:1.7847677990535527e-23
posterior_cov_matrix:
[[ 2487.61773032 -2527.22058024]
 [-2527.22058024 27251.02177859]]
