MAP_logP:[-42.63783079]
self.map_index:242
self.map_parameter_set:[166.34897272 504.4017809 ]
self.mu_AP_parameter_set:[162.29880832 519.42194794]
self.stdap_parameter_set:[ 52.5708449  176.57549595]
self.info_gain:0.05897377132473381
evidence:1.5850636460555544e-23
posterior_cov_matrix:
[[ 2772.52342629   -59.16429574]
 [  -59.16429574 31278.51888835]]
