highest_MAP_logP: [-42.63746539]
highest_MAP_logP_parameter_set: [167.72156121 470.43647231]
highest_MAP_initial_point_index: 8
highest_MAP_initial_point_parameters: (300.0, 700.0)
self.mu_AP_parameter_set (for the above initial point): [145.08077362 478.24327341]
self.stdap_parameter_set (for the above initial point): [ 51.0168531  108.37100663]
