highest_MAP_logP: [-42.63746539]
highest_MAP_logP_parameter_set: [165.52636095 502.27466312]
highest_MAP_initial_point_index: 3
highest_MAP_initial_point_parameters: (200.0, 300.0)
self.mu_AP_parameter_set (for the above initial point): [143.96445928 447.75344278]
self.stdap_parameter_set (for the above initial point): [62.98740199 87.82853093]
