highest_MAP_logP: [-42.63816497]
highest_MAP_logP_parameter_set: [163.63481629 493.26830791]
highest_MAP_initial_point_index: 5
highest_MAP_initial_point_parameters: (100.0, 300.0)
self.mu_AP_parameter_set (for the above initial point): [172.93593382 520.29820686]
self.stdap_parameter_set (for the above initial point): [ 44.5606731  155.24683707]
