MAP_logP:[-42.63739371]
self.map_index:8129
self.map_parameter_set:[165.11884125 500.8471123 ]
self.mu_AP_parameter_set:[167.14908842 501.53038978]
self.stdap_parameter_set:[ 51.82784845 179.79623869]
self.info_gain:0.04996611108880906
evidence:3.1265296013664877e-24
posterior_cov_matrix:
[[ 2686.44004224   -83.95054183]
 [  -83.95054183 32330.46834751]]
