MAP_logP:[-42.63740621]
self.map_index:6887
self.map_parameter_set:[165.30965928 499.02885173]
self.mu_AP_parameter_set:[168.58759645 499.89849661]
self.stdap_parameter_set:[ 53.23044731 187.33786931]
self.info_gain:0.04573830251655953
evidence:3.0231450162638184e-24
posterior_cov_matrix:
[[ 2833.81188363  -208.52535748]
 [ -208.52535748 35099.58153012]]
