MAP_logP:[-42.63745193]
self.map_index:8144
self.map_parameter_set:[164.71034897 501.80466521]
self.mu_AP_parameter_set:[168.86622669 497.55873314]
self.stdap_parameter_set:[ 52.3933894  181.94109099]
self.info_gain:0.04541163604143572
evidence:3.115069322393211e-24
posterior_cov_matrix:
[[ 2745.38831334   216.44101189]
 [  216.44101189 33106.43223516]]
