self.initial_point_parameters:[0. 0.]
MAP_logP:[-40.69445799]
self.map_parameter_set:[   324.29598305 290251.10673896]
self.map_index:53582
self.mu_AP_parameter_set:[   328.34996079 302480.51941971]
self.stdap_parameter_set:[1.34251704e+02 2.07373788e+05]
self.info_gain:8.640118509609796e-05
evidence:1.0721560549997567e-26
posterior_cov_matrix:
[[1.80237266e+04 2.17952607e+07]
 [2.17952607e+07 4.30043807e+10]]
