self.initial_point_parameters:[200. 500.]
MAP_logP:[-42.63747142]
self.map_parameter_set:[164.43614113 500.82886757]
self.map_index:5213
self.mu_AP_parameter_set:[169.0765062  508.88880905]
self.stdap_parameter_set:[ 51.37621999 172.9334575 ]
self.info_gain:0.04970115968581954
evidence:3.183567375502768e-24
posterior_cov_matrix:
[[ 2639.82520171   183.46866825]
 [  183.46866825 29909.48423346]]
