self.initial_point_parameters:[200. 500.]
MAP_logP:[-42.63742232]
self.map_parameter_set:[165.07995415 498.47861515]
self.map_index:3351
self.mu_AP_parameter_set:[167.67282649 485.57312903]
self.stdap_parameter_set:[ 52.86605041 184.31782166]
self.info_gain:0.04811085475325269
evidence:2.9543670842176956e-24
posterior_cov_matrix:
[[ 2795.11400525    52.95226745]
 [   52.95226745 33976.64190209]]
