self.initial_point_parameters:[200. 500.]
MAP_logP:[-42.63747847]
self.map_parameter_set:[165.46556807 497.66262669]
self.map_index:7702
self.mu_AP_parameter_set:[168.42184719 473.44689581]
self.stdap_parameter_set:[ 52.56128962 180.07364034]
self.info_gain:0.04813702294679731
evidence:3.2236516694730008e-24
posterior_cov_matrix:
[[ 2763.01202396   188.67275251]
 [  188.67275251 32430.30541782]]
