self.initial_point_parameters:[200. 500.]
MAP_logP:[-42.63741924]
self.map_parameter_set:[164.71715327 500.63372231]
self.map_index:1784
self.mu_AP_parameter_set:[167.5470514  494.77448383]
self.stdap_parameter_set:[ 53.35304844 179.23598731]
self.info_gain:0.047136705840523395
evidence:3.1379698391286804e-24
posterior_cov_matrix:
[[ 2846.88113611  -168.83338703]
 [ -168.83338703 32129.3013605 ]]
