MAP_logP:[-42.63743677]
self.map_index:3095
self.map_parameter_set:[164.94451116 501.98777557]
self.mu_AP_parameter_set:[167.95702187 498.76412624]
self.stdap_parameter_set:[ 52.75607549 186.17578711]
self.info_gain:0.04984858428214907
evidence:3.0485021527232122e-24
posterior_cov_matrix:
[[ 2.78352982e+03 -1.66539656e+01]
 [-1.66539656e+01  3.46654877e+04]]
