MAP_logP:[-42.63744174]
self.map_index:6808
self.map_parameter_set:[165.53525886 498.5257643 ]
self.mu_AP_parameter_set:[169.69286773 498.72564422]
self.stdap_parameter_set:[ 57.40423875 200.72369449]
self.info_gain:0.035740502631399926
evidence:2.7119129567684678e-24
posterior_cov_matrix:
[[ 3295.59353102   -92.56197142]
 [  -92.56197142 40294.24303071]]
