MAP_logP:[-40.5641011]
self.map_index:1800
self.map_parameter_set:[   232.78903111 165552.31603941]
self.mu_AP_parameter_set:[   260.58197998 141011.30720038]
self.stdap_parameter_set:[   337.12077853 316388.00788839]
self.info_gain:8.710626182223052e-05
evidence:3.6246996568782974e-26
posterior_cov_matrix:
[[1.13663226e+05 2.93025161e+07]
 [2.93025161e+07 1.00112652e+11]]
