highest_MAP_logP: -42.63738730919835
highest_MAP_logP_parameter_set: [165.1707312  500.06152225]
highest_MAP_initial_point_index: 2
highest_MAP_initial_point_parameters: (300.0, 500.0)
