highest_MAP_logP: -40.57940499506251
highest_MAP_logP_parameter_set: [   266.21511876 222856.81579307]
highest_MAP_initial_point_index: 697483
highest_MAP_initial_point_parameters: [   266.21511876 222856.81579307]
