MAP_logP:[-4.92828006]
self.map_index:1137
self.map_parameter_set:[1.4727146  3.95779291]
self.mu_AP_parameter_set:[1.47684266 3.95310696]
self.stdap_parameter_set:[0.62813694 0.63993203]
self.info_gain:16.65698243587861
evidence:2.127037320411372e-05
posterior_cov_matrix:
[[0.39477461 0.01845111]
 [0.01845111 0.40973988]]
