self.initial_point_parameters:[1. 1. 5. 5.]
MAP_logP:[-11.33130362]
self.map_parameter_set:[1.04264439 1.59575298 4.96641107 4.61150354]
self.map_index:470
self.mu_AP_parameter_set:[0.99424189 1.49524439 4.86306453 4.55873822]
self.stdap_parameter_set:[0.69164152 0.71993347 0.90432082 0.63258231]
self.info_gain:14.149147095058323
evidence:1.032801496563433e-08
posterior_cov_matrix:
[[ 0.47863214  0.02109903 -0.03975219  0.03652566]
 [ 0.02109903  0.5185904  -0.07505116 -0.01721125]
 [-0.03975219 -0.07505116  0.81824772  0.02185782]
 [ 0.03652566 -0.01721125  0.02185782  0.40038134]]
