MAP_logP:[-3.75743876]
self.map_index:455
self.map_parameter_set:[1.01764902 4.02161975]
self.mu_AP_parameter_set:[0.89863356 3.93585641]
self.stdap_parameter_set:[0.95669224 0.66476188]
self.info_gain:11.341955998050384
evidence:6.66709434807872e-05
posterior_cov_matrix:
[[0.9157591  0.03420925]
 [0.03420925 0.44214931]]
