self.initial_point_parameters:[ 1.71e-01 -5.00e-05]
MAP_logP:[-6.01061866]
self.map_parameter_set:[ 1.74092700e-01 -3.05069586e-05]
self.map_index:67
self.mu_AP_parameter_set:[ 0.10611608 -0.00016851]
self.stdap_parameter_set:[0.06984284 0.00015019]
self.info_gain:63364.83674921179
evidence:0.0010319527486189345
posterior_cov_matrix:
[[4.92936932e-03 5.43492301e-06]
 [5.43492301e-06 2.27930354e-08]]
