self.initial_point_parameters:[ 1.71e-01 -5.00e-05]
MAP_logP:[-5.43123926]
self.map_parameter_set:[1.38298393e-01 3.50070349e-06]
self.map_index:68
self.mu_AP_parameter_set:[ 0.09395908 -0.00012654]
self.stdap_parameter_set:[0.06846438 0.00014217]
self.info_gain:69403.77074204064
evidence:0.001985641088913911
posterior_cov_matrix:
[[4.73619790e-03 5.62379741e-06]
 [5.62379741e-06 2.04228004e-08]]
