self.initial_point_parameters:[ 1.71e-01 -5.00e-05]
MAP_logP:[-5.91211335]
self.map_parameter_set:[ 1.21108765e-01 -7.35939438e-05]
self.map_index:66
self.mu_AP_parameter_set:[ 0.10661488 -0.0001749 ]
self.stdap_parameter_set:[0.06825475 0.00014495]
self.info_gain:60069.84723122793
evidence:0.0010832483937517274
posterior_cov_matrix:
[[4.70775060e-03 3.56956226e-06]
 [3.56956226e-06 2.12330696e-08]]
