self.initial_point_parameters:[ 1.71e-01 -5.00e-05]
MAP_logP:[-5.66693912]
self.map_parameter_set:[ 1.19875677e-01 -3.05587212e-05]
self.map_index:66
self.mu_AP_parameter_set:[ 0.11165507 -0.0001239 ]
self.stdap_parameter_set:[0.0710664  0.00013085]
self.info_gain:61938.83510653782
evidence:0.0014379601750946292
posterior_cov_matrix:
[[5.10416156e-03 3.97374035e-06]
 [3.97374035e-06 1.73040332e-08]]
