self.initial_point_parameters:[ 1.71e-01 -5.00e-05]
MAP_logP:[-5.89177369]
self.map_parameter_set:[ 1.31768286e-01 -2.32199391e-05]
self.map_index:66
self.mu_AP_parameter_set:[ 1.21274620e-01 -1.18152117e-04]
self.stdap_parameter_set:[0.0687896  0.00012856]
self.info_gain:71060.29330563928
evidence:0.0011495905262843453
posterior_cov_matrix:
[[4.78235004e-03 4.00531114e-06]
 [4.00531114e-06 1.67042023e-08]]
