self.initial_point_parameters:[ 1.71e-01 -5.00e-05]
MAP_logP:[-6.15035869]
self.map_parameter_set:[1.75890660e-01 3.41977546e-05]
self.map_index:61
self.mu_AP_parameter_set:[ 0.09498789 -0.00021591]
self.stdap_parameter_set:[0.06060977 0.00014519]
self.info_gain:63894.0740081132
evidence:0.00088840081025034
posterior_cov_matrix:
[[3.71141572e-03 2.78082234e-06]
 [2.78082234e-06 2.12971800e-08]]
