MAP_logP:[-3.92083036]
self.map_index:1
self.map_parameter_set:[1.02714280e-01 3.72927483e-05]
self.mu_AP_parameter_set:[1.29314513e-01 7.19099907e-06]
self.stdap_parameter_set:[2.86592893e-02 3.56795325e-05]
self.info_gain:0.0
evidence:0.05335088696542389
posterior_cov_matrix:
[[ 1.09513982e-03 -1.34005021e-06]
 [-1.34005021e-06  1.69737205e-09]]
