self.initial_point_parameters:[ 1.71e-01 -5.00e-05]
MAP_logP:[-6.83474975]
self.map_parameter_set:[1.85139174e-01 1.93772083e-05]
self.map_index:64
self.mu_AP_parameter_set:[ 0.10464639 -0.00027684]
self.stdap_parameter_set:[0.06798403 0.00016384]
self.info_gain:65861.14621935056
evidence:0.00039943751762699605
posterior_cov_matrix:
[[4.67099649e-03 4.91019062e-06]
 [4.91019062e-06 2.71283901e-08]]
