self.initial_point_parameters:[ 1.71e-01 -5.00e-05]
MAP_logP:[-7.20431085]
self.map_parameter_set:[ 1.71635557e-01 -4.37731583e-05]
self.map_index:61
self.mu_AP_parameter_set:[ 0.11477932 -0.0003153 ]
self.stdap_parameter_set:[0.07640806 0.00011287]
self.info_gain:78185.28315526964
evidence:0.00021455213728150367
posterior_cov_matrix:
[[5.90096846e-03 2.50487934e-06]
 [2.50487934e-06 1.28770744e-08]]
