self.initial_point_parameters:[ 1.71e-01 -5.00e-05]
MAP_logP:[-5.24711666]
self.map_parameter_set:[ 1.41840204e-01 -5.47838352e-06]
self.map_index:8
self.mu_AP_parameter_set:[ 1.11075648e-01 -9.35666768e-05]
self.stdap_parameter_set:[0.06684708 0.0001345 ]
self.info_gain:65653.21469796152
evidence:0.0022688627382155555
posterior_cov_matrix:
[[4.51507894e-03 4.29391327e-06]
 [4.29391327e-06 1.82774661e-08]]
