self.initial_point_parameters:[ 1.71e-01 -5.00e-05]
MAP_logP:[-6.53624045]
self.map_parameter_set:[1.49631112e-01 2.10492856e-05]
self.map_index:65
self.mu_AP_parameter_set:[ 0.08703019 -0.00024558]
self.stdap_parameter_set:[0.06724477 0.00014044]
self.info_gain:53378.241440399855
evidence:0.0005805429232993815
posterior_cov_matrix:
[[4.56896188e-03 2.84453457e-06]
 [2.84453457e-06 1.99275775e-08]]
