self.initial_point_parameters:[ 1.71e-01 -5.00e-05]
MAP_logP:[-7.0570354]
self.map_parameter_set:[ 1.80839276e-01 -1.79009033e-06]
self.map_index:64
self.mu_AP_parameter_set:[ 0.11531047 -0.00026173]
self.stdap_parameter_set:[0.0692928  0.00014156]
self.info_gain:68424.53773329791
evidence:0.00031589470456228964
posterior_cov_matrix:
[[4.85257175e-03 3.60023412e-06]
 [3.60023412e-06 2.02527823e-08]]
