MAP_logP:[-193.23230239]
self.map_index:1
self.map_parameter_set:[1.02714280e-01 3.72927483e-05]
self.mu_AP_parameter_set:[1.19785710e-01 1.54695613e-05]
self.stdap_parameter_set:[2.95685843e-02 3.77988688e-05]
self.info_gain:0.0
evidence:3.656450055128749e-84
posterior_cov_matrix:
[[ 1.16573490e-03 -1.49021205e-06]
 [-1.49021205e-06  1.90500598e-09]]
