MAP_logP:[-9.32882591]
self.map_index:0
self.map_parameter_set:[ 2.24105007e-01 -2.38060489e-05]
self.mu_AP_parameter_set:[1.96720245e-01 2.84310930e-05]
self.stdap_parameter_set:[2.84628799e-02 3.41082609e-05]
self.info_gain:0.0
evidence:0.0001843278836633157
posterior_cov_matrix:
[[ 1.08018071e-03 -1.12642449e-06]
 [-1.12642449e-06  1.55116462e-09]]
