MAP_logP:[-8.31487821]
self.map_index:0
self.map_parameter_set:[ 2.24105007e-01 -2.38060489e-05]
self.mu_AP_parameter_set:[ 2.47934535e-01 -3.70384683e-05]
self.stdap_parameter_set:[2.73759492e-02 1.76682230e-05]
self.info_gain:0.0
evidence:0.0004737377827555145
posterior_cov_matrix:
[[ 9.99256793e-04 -6.30789190e-07]
 [-6.30789190e-07  4.16221474e-10]]
