self.initial_point_parameters:[ 1.71e-01 -5.00e-05]
MAP_logP:[-5.08848724]
self.map_parameter_set:[1.62161723e-01 2.22706512e-05]
self.map_index:66
self.mu_AP_parameter_set:[ 1.01031995e-01 -9.62697756e-05]
self.stdap_parameter_set:[0.06952559 0.00013289]
self.info_gain:69202.20354399114
evidence:0.00284870436882876
posterior_cov_matrix:
[[4.88469018e-03 5.12005476e-06]
 [5.12005476e-06 1.78452996e-08]]
