MAP_logP:[557.03577242]
self.map_index:95236
self.map_parameter_set:[1.14124173e+00 1.18804842e-03 2.73603460e-01 3.68304092e+01
 2.89629004e+01 2.31287321e+01 1.56145376e+01 2.99737044e-01
 1.40512992e-01]
self.mu_AP_parameter_set:[1.06062424e+00 9.22119977e-04 3.28924808e-01 3.15683581e+01
 2.42642984e+01 1.91201743e+01 1.32472582e+01 2.80919235e-01
 1.18815765e-01]
self.stdap_parameter_set:[5.01955346e-02 5.91562078e-04 9.42154520e-02 3.10817066e+00
 2.33591687e+00 2.31408563e+00 1.24991695e+00 3.11942663e-02
 3.11011646e-02]
self.info_gain:-306.28470383514485
evidence:2.1555781932581723e+236
posterior_cov_matrix:
[[ 2.51961715e-03  2.54119748e-05 -4.29389129e-03  1.45645291e-01
   1.13094137e-01  1.08097503e-01  5.79677628e-02  3.36455549e-04
   1.75696544e-04]
 [ 2.54119748e-05  3.49949227e-07 -4.41191390e-05  1.39103041e-03
   1.08143124e-03  1.02534396e-03  6.51723896e-04 -9.67733583e-07
  -6.44903286e-07]
 [-4.29389129e-03 -4.41191390e-05  8.87664106e-03 -2.77743957e-01
  -2.02358956e-01 -2.05667076e-01 -9.86375708e-02 -5.96190094e-04
  -2.56840536e-04]
 [ 1.45645291e-01  1.39103041e-03 -2.77743957e-01  9.66082247e+00
   6.98388593e+00  7.18872960e+00  3.37530668e+00  2.91501324e-02
   6.47510166e-03]
 [ 1.13094137e-01  1.08143124e-03 -2.02358956e-01  6.98388593e+00
   5.45656273e+00  5.18314791e+00  2.75812827e+00  1.22652897e-02
   2.66113255e-03]
 [ 1.08097503e-01  1.02534396e-03 -2.05667076e-01  7.18872960e+00
   5.18314791e+00  5.35504638e+00  2.49116576e+00  2.29773999e-02
   4.81946812e-03]
 [ 5.79677628e-02  6.51723896e-04 -9.86375708e-02  3.37530668e+00
   2.75812827e+00  2.49116576e+00  1.56230817e+00 -2.07893508e-03
  -4.32560057e-04]
 [ 3.36455549e-04 -9.67733583e-07 -5.96190094e-04  2.91501324e-02
   1.22652897e-02  2.29773999e-02 -2.07893508e-03  9.73092081e-04
   1.62014526e-04]
 [ 1.75696544e-04 -6.44903286e-07 -2.56840536e-04  6.47510166e-03
   2.66113255e-03  4.81946812e-03 -4.32560057e-04  1.62014526e-04
   9.67292208e-04]]
Warning: The MAP parameter set and mu_AP parameter set differ by more than 10% of prior variance in at least one parameter. This may mean that you need to increase your mcmc_length, increase or decrease your mcmc_relative_step_length, or change what is used for the model response.  There is no general method for knowing the right  value for mcmc_relative_step_length since it depends on the sharpness and smoothness of the response. See for example https://www.sciencedirect.com/science/article/pii/S0039602816300632