MAP_logP:[197.69139473]
self.map_index:8592
self.map_parameter_set:[1.26278732e+00 1.25366742e-04 1.94484885e-01 3.41924425e+01
 4.58117493e+01 2.06455699e+01 1.16526413e+01 6.45662906e-01
 5.07152387e-01]
self.mu_AP_parameter_set:[ 1.01053322e+00 -2.20634093e-03  2.60485027e-01  3.18330473e+01
  3.64534191e+01  1.91973642e+01  1.34567985e+01  3.79793372e-01
  2.77339732e-01]
self.stdap_parameter_set:[1.81243925e-01 1.37812350e-03 4.72300699e-02 1.21082516e+00
 8.55958563e+00 7.48283932e-01 2.35194639e+00 1.63676664e-01
 1.38096957e-01]
self.info_gain:-501.1457831707484
evidence:6.293688864242335e+80
posterior_cov_matrix:
[[ 3.28530108e-02  1.98672875e-04  1.56991098e-03 -6.64669324e-03
   5.62777126e-01 -1.76139227e-02  3.39033966e-01  2.26478000e-02
   1.40251652e-02]
 [ 1.98672875e-04  1.89943543e-06  3.47666390e-05 -5.26177129e-04
  -1.09660548e-03 -3.84931696e-04  2.29860405e-03  5.82501984e-05
   7.24342306e-06]
 [ 1.56991098e-03  3.47666390e-05  2.23092738e-03 -4.26446787e-02
  -2.91280296e-01 -2.58165257e-02  4.51136466e-02 -2.95201769e-03
  -3.52964092e-03]
 [-6.64669324e-03 -5.26177129e-04 -4.26446787e-02  1.46626048e+00
   8.10456701e+00  8.96528462e-01 -9.41056218e-01  9.60054306e-02
   1.02147292e-01]
 [ 5.62777126e-01 -1.09660548e-03 -2.91280296e-01  8.10456701e+00
   7.32746479e+01  4.69729092e+00  9.60495301e-01  1.09203298e+00
   1.02780042e+00]
 [-1.76139227e-02 -3.84931696e-04 -2.58165257e-02  8.96528462e-01
   4.69729092e+00  5.59991064e-01 -7.93471195e-01  4.86443948e-02
   5.81843548e-02]
 [ 3.39033966e-01  2.29860405e-03  4.51136466e-02 -9.41056218e-01
   9.60495301e-01 -7.93471195e-01  5.53226650e+00  1.52988443e-01
   3.20432603e-02]
 [ 2.26478000e-02  5.82501984e-05 -2.95201769e-03  9.60054306e-02
   1.09203298e+00  4.86443948e-02  1.52988443e-01  2.67930274e-02
   2.12677741e-02]
 [ 1.40251652e-02  7.24342306e-06 -3.52964092e-03  1.02147292e-01
   1.02780042e+00  5.81843548e-02  3.20432603e-02  2.12677741e-02
   1.90728887e-02]]
Warning: The MAP parameter set and mu_AP parameter set differ by more than 10% of prior variance in at least one parameter. This may mean that you need to increase your mcmc_length, increase or decrease your mcmc_relative_step_length, or change what is used for the model response.  There is no general method for knowing the right  value for mcmc_relative_step_length since it depends on the sharpness and smoothness of the response. See for example https://www.sciencedirect.com/science/article/pii/S0039602816300632