MAP_logP:[-5120.30965654]
self.map_index:968
self.map_parameter_set:[ 1.04268729e+00 -3.77280528e-03  6.83308000e-01  3.61423635e+01
  2.51926187e+01  1.35046885e+01  1.42343858e+01  2.13663186e-01
  2.34507371e-01]
self.mu_AP_parameter_set:[ 1.02415709e+00 -5.21825305e-03  5.69918024e-01  4.88834456e+01
  2.43438276e+01  1.40318252e+01  1.36140881e+01  1.87171390e-01
  2.29394092e-01]
self.stdap_parameter_set:[2.85497784e-02 8.57444081e-04 4.43191212e-02 5.76259577e+00
 1.36683416e+00 2.46166843e-01 6.17040292e-01 2.10081645e-02
 1.62989941e-02]
self.info_gain:0.0
evidence:0.0
posterior_cov_matrix:
[[ 8.15905751e-04  1.04379839e-05  1.02890974e-03 -1.34573599e-01
   1.61863856e-02  2.68984220e-03  1.16049186e-02  5.35939208e-04
   2.60850676e-04]
 [ 1.04379839e-05  7.35946299e-07  2.36570254e-05 -3.09192303e-03
   4.06169593e-04  5.40743945e-05  6.37301486e-05  6.46292750e-06
  -3.71270590e-06]
 [ 1.02890974e-03  2.36570254e-05  1.96615066e-03 -2.36399686e-01
   9.52495488e-03  1.95414721e-03  9.78967735e-03  7.67658755e-04
   2.39083159e-04]
 [-1.34573599e-01 -3.09192303e-03 -2.36399686e-01  3.32407507e+01
  -1.96669811e+00 -2.78870898e-01 -9.66970262e-01 -9.99327145e-02
  -1.97380690e-02]
 [ 1.61863856e-02  4.06169593e-04  9.52495488e-03 -1.96669811e+00
   1.87010572e+00 -1.33514561e-02  4.61581052e-01  4.41470235e-03
   1.58976966e-03]
 [ 2.68984220e-03  5.40743945e-05  1.95414721e-03 -2.78870898e-01
  -1.33514561e-02  6.06587736e-02  5.89648199e-02  1.70358018e-03
   1.57126463e-03]
 [ 1.16049186e-02  6.37301486e-05  9.78967735e-03 -9.66970262e-01
   4.61581052e-01  5.89648199e-02  3.81119842e-01  6.73963837e-03
   7.81021564e-03]
 [ 5.35939208e-04  6.46292750e-06  7.67658755e-04 -9.99327145e-02
   4.41470235e-03  1.70358018e-03  6.73963837e-03  4.41784762e-04
   1.67851110e-04]
 [ 2.60850676e-04 -3.71270590e-06  2.39083159e-04 -1.97380690e-02
   1.58976966e-03  1.57126463e-03  7.81021564e-03  1.67851110e-04
   2.65923131e-04]]
Warning: The MAP parameter set and mu_AP parameter set differ by more than 10% of prior variance in at least one parameter. This may mean that you need to increase your mcmc_length, increase or decrease your mcmc_relative_step_length, or change what is used for the model response.  There is no general method for knowing the right  value for mcmc_relative_step_length since it depends on the sharpness and smoothness of the response. See for example https://www.sciencedirect.com/science/article/pii/S0039602816300632