MAP_logP:[374.53112026]
self.map_index:8533
self.map_parameter_set:[ 0.92209648 40.33026323 35.87405215 10.14995626 22.37977395  0.07943902
 -0.07742353]
self.mu_AP_parameter_set:[ 9.53475544e-01  5.62026162e+01  3.32035410e+01  9.90827461e+00
  2.03481567e+01  1.27905996e-01 -2.32888584e-02]
self.stdap_parameter_set:[0.01294004 9.94998794 1.69765651 0.73588078 1.2610045  0.02415061
 0.0512713 ]
self.info_gain:-17.150196627137056
evidence:5.328534061005403e+157
posterior_cov_matrix:
[[ 1.67463201e-04  2.04458145e-02 -1.19831206e-02  6.41484803e-04
  -9.07977427e-03  1.18907085e-04  2.03266553e-04]
 [ 2.04458145e-02  9.90132616e+01 -1.01962044e+01  1.39118138e+00
  -7.53966107e+00  1.52661811e-01  1.80993910e-01]
 [-1.19831206e-02 -1.01962044e+01  2.88235788e+00 -2.63543466e-01
   2.14042339e+00 -2.47433581e-02 -5.18493077e-02]
 [ 6.41484803e-04  1.39118138e+00 -2.63543466e-01  5.41580703e-01
  -2.04212726e-01 -1.80680546e-03  3.00681908e-02]
 [-9.07977427e-03 -7.53966107e+00  2.14042339e+00 -2.04212726e-01
   1.59030906e+00 -1.83054353e-02 -3.92094168e-02]
 [ 1.18907085e-04  1.52661811e-01 -2.47433581e-02 -1.80680546e-03
  -1.83054353e-02  5.83316965e-04  3.21347993e-04]
 [ 2.03266553e-04  1.80993910e-01 -5.18493077e-02  3.00681908e-02
  -3.92094168e-02  3.21347993e-04  2.62903783e-03]]
Warning: The MAP parameter set and mu_AP parameter set differ by more than 10% of prior variance in at least one parameter. This may mean that you need to increase your mcmc_length, increase or decrease your mcmc_relative_step_length, or change what is used for the model response.  There is no general method for knowing the right  value for mcmc_relative_step_length since it depends on the sharpness and smoothness of the response. See for example https://www.sciencedirect.com/science/article/pii/S0039602816300632