MAP_logP:[-3269.85053154]
self.map_index:914
self.map_parameter_set:[1.03904440e+00 6.48019402e-04 3.49151182e-01 2.28682836e+01
 2.37709977e+01 1.29730647e+01 1.28368655e+01 1.00071447e-01
 1.64649706e-01]
self.mu_AP_parameter_set:[ 9.95089166e-01 -1.18245470e-03  4.41889635e-01  2.40660311e+01
  2.34086525e+01  1.33146797e+01  1.27235610e+01  1.35604588e-01
  1.18542211e-01]
self.stdap_parameter_set:[0.01966906 0.00131308 0.04680834 0.99043041 1.19125168 0.20150015
 0.4145727  0.01467003 0.04325918]
self.info_gain:0.0
evidence:0.0
posterior_cov_matrix:
[[ 3.87259237e-04  2.14134523e-05 -8.33356395e-04 -1.65859134e-03
  -8.86374826e-03 -2.27216039e-03 -6.47804019e-04 -2.49472354e-04
   6.49879366e-04]
 [ 2.14134523e-05  1.72589538e-06 -5.67582997e-05 -2.91983854e-04
  -7.89084959e-04 -1.79545195e-04 -1.66969545e-04 -1.23949411e-05
   5.50232531e-05]
 [-8.33356395e-04 -5.67582997e-05  2.19321401e-03  1.89072733e-02
   2.11171175e-02  7.88864300e-03  6.92117036e-03  4.51984363e-04
  -1.74278322e-03]
 [-1.65859134e-03 -2.91983854e-04  1.89072733e-02  9.81934330e-01
  -5.02338934e-01  1.56169389e-01  1.50862466e-01 -1.04893369e-03
  -6.55965961e-03]
 [-8.86374826e-03 -7.89084959e-04  2.11171175e-02 -5.02338934e-01
   1.42050107e+00  1.37308265e-02  2.60177029e-01  1.99114685e-03
  -3.13894749e-02]
 [-2.27216039e-03 -1.79545195e-04  7.88864300e-03  1.56169389e-01
   1.37308265e-02  4.06429550e-02  3.63835483e-02  9.13738804e-04
  -4.92625020e-03]
 [-6.47804019e-04 -1.66969545e-04  6.92117036e-03  1.50862466e-01
   2.60177029e-01  3.63835483e-02  1.72042566e-01 -2.35833054e-03
  -7.59954626e-03]
 [-2.49472354e-04 -1.23949411e-05  4.51984363e-04 -1.04893369e-03
   1.99114685e-03  9.13738804e-04 -2.35833054e-03  2.15425213e-04
  -3.45007794e-04]
 [ 6.49879366e-04  5.50232531e-05 -1.74278322e-03 -6.55965961e-03
  -3.13894749e-02 -4.92625020e-03 -7.59954626e-03 -3.45007794e-04
   1.87322967e-03]]
Warning: The MAP parameter set and mu_AP parameter set differ by more than 10% of prior variance in at least one parameter. This may mean that you need to increase your mcmc_length, increase or decrease your mcmc_relative_step_length, or change what is used for the model response.  There is no general method for knowing the right  value for mcmc_relative_step_length since it depends on the sharpness and smoothness of the response. See for example https://www.sciencedirect.com/science/article/pii/S0039602816300632