MAP_logP:[-5105.46373631]
self.map_index:967
self.map_parameter_set:[ 1.04268729e+00 -3.77280528e-03  6.83308000e-01  5.61423635e+01
  2.51926187e+01  1.35046885e+01  1.42343858e+01  2.13663186e-01
  2.34507371e-01]
self.mu_AP_parameter_set:[ 1.02419978e+00 -5.22202586e-03  5.70101332e-01  6.88780880e+01
  2.43275202e+01  1.40323299e+01  1.36153225e+01  1.87285054e-01
  2.29528600e-01]
self.stdap_parameter_set:[2.85455395e-02 8.42647775e-04 4.44085539e-02 5.77194085e+00
 1.25473339e+00 2.44563018e-01 6.17045268e-01 2.08430569e-02
 1.57772757e-02]
self.info_gain:0.0
evidence:0.0
posterior_cov_matrix:
[[ 8.15663490e-04  1.05911403e-05  1.02931445e-03 -1.34988242e-01
   1.66176845e-02  2.65509205e-03  1.16015221e-02  5.34317826e-04
   2.57810860e-04]
 [ 1.05911403e-05  7.10766039e-07  2.41869962e-05 -3.07181101e-03
   3.17721254e-04  5.87033040e-05  6.78399905e-05  6.95702531e-06
  -3.02891254e-06]
 [ 1.02931445e-03  2.41869962e-05  1.97409375e-03 -2.38361612e-01
   1.08250143e-02  1.82200735e-03  9.81687800e-03  7.64543857e-04
   2.30582818e-04]
 [-1.34988242e-01 -3.07181101e-03 -2.38361612e-01  3.33486498e+01
  -1.85081244e+00 -2.79771227e-01 -9.79413442e-01 -1.00914246e-01
  -2.07588922e-02]
 [ 1.66176845e-02  3.17721254e-04  1.08250143e-02 -1.85081244e+00
   1.57593181e+00  3.92879668e-03  4.72674179e-01  5.93609069e-03
   3.81843926e-03]
 [ 2.65509205e-03  5.87033040e-05  1.82200735e-03 -2.79771227e-01
   3.92879668e-03  5.98709409e-02  5.80026214e-02  1.59950831e-03
   1.43485285e-03]
 [ 1.16015221e-02  6.78399905e-05  9.81687800e-03 -9.79413442e-01
   4.72674179e-01  5.80026214e-02  3.81125989e-01  6.70236267e-03
   7.73368546e-03]
 [ 5.34317826e-04  6.95702531e-06  7.64543857e-04 -1.00914246e-01
   5.93609069e-03  1.59950831e-03  6.70236267e-03  4.34867890e-04
   1.56680648e-04]
 [ 2.57810860e-04 -3.02891254e-06  2.30582818e-04 -2.07588922e-02
   3.81843926e-03  1.43485285e-03  7.73368546e-03  1.56680648e-04
   2.49171601e-04]]
Warning: The MAP parameter set and mu_AP parameter set differ by more than 10% of prior variance in at least one parameter. This may mean that you need to increase your mcmc_length, increase or decrease your mcmc_relative_step_length, or change what is used for the model response.  There is no general method for knowing the right  value for mcmc_relative_step_length since it depends on the sharpness and smoothness of the response. See for example https://www.sciencedirect.com/science/article/pii/S0039602816300632