MAP_logP:[-42.63787091]
self.map_index:50
self.map_parameter_set:[166.66765362 496.83982487]
self.mu_AP_parameter_set:[146.86820376 524.6182733 ]
self.stdap_parameter_set:[ 60.16443908 123.25010471]
self.info_gain:0.0693974572960897
evidence:3.168193362370174e-23
posterior_cov_matrix:
[[ 3661.84995904  1995.78504808]
 [ 1995.78504808 15367.2230576 ]]
