self.initial_point_parameters:[200. 500.]
MAP_logP:[-42.64023232]
self.map_parameter_set:[167.37229337 487.18506655]
self.map_index:30
self.mu_AP_parameter_set:[169.56864439 472.15481288]
self.stdap_parameter_set:[ 48.57653319 178.74377179]
self.info_gain:0.15814269936955352
evidence:3.2387755294138764e-23
posterior_cov_matrix:
[[ 2388.10945105 -2534.75752946]
 [-2534.75752946 32334.26771195]]
