MAP_logP:[-42.64081035]
self.map_index:37
self.map_parameter_set:[169.89959983 498.99883606]
self.mu_AP_parameter_set:[161.36771443 443.34847679]
self.stdap_parameter_set:[ 57.39995119 110.85304046]
self.info_gain:0.1427949047002498
evidence:4.017193783695814e-23
posterior_cov_matrix:
[[ 3333.97766355  1141.82686183]
 [ 1141.82686183 12434.68701536]]
