MAP_logP:[-42.63746539]
self.map_index:69
self.map_parameter_set:[165.52636095 502.27466312]
self.mu_AP_parameter_set:[143.96445928 447.75344278]
self.stdap_parameter_set:[62.98740199 87.82853093]
self.info_gain:0.14815621133594709
evidence:3.543221225513244e-23
posterior_cov_matrix:
[[4014.08825398 1362.14824784]
 [1362.14824784 7804.60203233]]
