MAP_logP:[-42.65662658]
self.map_index:24
self.map_parameter_set:[176.45789708 500.00851491]
self.mu_AP_parameter_set:[148.78680049 547.18323789]
self.stdap_parameter_set:[ 57.21344463 164.75799289]
self.info_gain:0.11692556820485
evidence:2.7621151876827355e-23
posterior_cov_matrix:
[[ 3313.29749331 -1124.94262952]
 [-1124.94262952 27476.2351992 ]]
