MAP_logP:[-42.63783079]
self.map_index:11
self.map_parameter_set:[166.34897272 504.4017809 ]
self.mu_AP_parameter_set:[152.30949312 463.42250083]
self.stdap_parameter_set:[ 53.26488499 166.06588794]
self.info_gain:0.08893401765762471
evidence:3.3985767661412855e-23
posterior_cov_matrix:
[[ 2871.74733806  -286.32917271]
 [ -286.32917271 27914.19473732]]
