MAP_logP:[-42.638949]
self.map_index:20
self.map_parameter_set:[162.93455251 508.1931353 ]
self.mu_AP_parameter_set:[170.92493811 441.86123372]
self.stdap_parameter_set:[ 65.25710211 147.87179836]
self.info_gain:0.13922453422898284
evidence:3.1278505973591616e-23
posterior_cov_matrix:
[[ 4308.58925144 -3074.33213198]
 [-3074.33213198 22123.31661858]]
