self.initial_point_parameters:[200. 500.]
MAP_logP:[-42.82883772]
self.map_parameter_set:[170.45149362 377.7787212 ]
self.map_index:77
self.mu_AP_parameter_set:[224.29528031 294.1254762 ]
self.stdap_parameter_set:[ 63.15709782 169.30427104]
self.info_gain:0.085948803230199
evidence:1.7554521179810855e-23
posterior_cov_matrix:
[[ 4033.63719649  6125.11742778]
 [ 6125.11742778 28986.00289169]]
