MAP_logP:[-42.63892671]
self.map_index:9
self.map_parameter_set:[162.99269225 491.9783214 ]
self.mu_AP_parameter_set:[150.63561557 437.18258043]
self.stdap_parameter_set:[62.63072808 84.88630335]
self.info_gain:0.1971513205390406
evidence:3.789565628362846e-23
posterior_cov_matrix:
[[3968.75643033  986.15244133]
 [ 986.15244133 7290.45725578]]
