self.initial_point_parameters:[200. 500.]
MAP_logP:[-42.64277772]
self.map_parameter_set:[169.97143841 487.89056856]
self.map_index:39
self.mu_AP_parameter_set:[151.57454075 430.89541013]
self.stdap_parameter_set:[51.21502314 72.38975321]
self.info_gain:0.18454486091577113
evidence:4.75444831789241e-23
posterior_cov_matrix:
[[ 2655.76582758 -1203.37716291]
 [-1203.37716291  5305.7798241 ]]
