MAP_logP:[-42.66550008]
self.map_index:50
self.map_parameter_set:[167.27565299 453.29932623]
self.mu_AP_parameter_set:[146.20734853 493.30937728]
self.stdap_parameter_set:[ 66.50068741 103.83920324]
self.info_gain:0.11950427958643178
evidence:3.3381761614877815e-23
posterior_cov_matrix:
[[ 4473.76400035    55.92323365]
 [   55.92323365 10907.95896867]]
