MAP_logP:[-42.64208775]
self.map_index:26
self.map_parameter_set:[163.0373093  482.19350797]
self.mu_AP_parameter_set:[153.16320311 488.6574938 ]
self.stdap_parameter_set:[47.85010598 87.51070228]
self.info_gain:0.17565738213694304
evidence:4.365837931392434e-23
posterior_cov_matrix:
[[2318.98690683  348.81162146]
 [ 348.81162146 7756.30407706]]
