MAP_logP:[-42.63759951]
self.map_index:54
self.map_parameter_set:[164.79398929 504.06006542]
self.mu_AP_parameter_set:[140.64256373 465.03491844]
self.stdap_parameter_set:[47.63230137 69.55308658]
self.info_gain:0.11064762759632021
evidence:4.3308214046925705e-23
posterior_cov_matrix:
[[2295.84608782  742.62693802]
 [ 742.62693802 4895.22270777]]
