MAP_logP:[-42.6396844]
self.map_index:9
self.map_parameter_set:[163.55423833 512.48547396]
self.mu_AP_parameter_set:[162.4742792  518.58159687]
self.stdap_parameter_set:[ 51.35327416 206.03062753]
self.info_gain:0.13468584757745974
evidence:3.0019996676215606e-23
posterior_cov_matrix:
[[ 2669.71628248   352.85101294]
 [  352.85101294 42972.67651184]]
