self.initial_point_parameters:[200. 500.]
MAP_logP:[-42.84824482]
self.map_parameter_set:[193.62946933 415.30056364]
self.map_index:28
self.mu_AP_parameter_set:[159.40088796 333.63235819]
self.stdap_parameter_set:[ 61.54869549 120.32548128]
self.info_gain:0.18665543972156193
evidence:3.266019127820905e-23
posterior_cov_matrix:
[[ 3833.34003487 -3956.76148364]
 [-3956.76148364 14650.58122534]]
