MAP_logP:[-42.64937508]
self.map_index:12
self.map_parameter_set:[164.77563481 531.07400044]
self.mu_AP_parameter_set:[102.65181631 621.92595564]
self.stdap_parameter_set:[ 63.0473666 167.6135571]
self.info_gain:0.10153971483471708
evidence:1.6855385110834096e-23
posterior_cov_matrix:
[[ 4020.14055339  1834.12904956]
 [ 1834.12904956 28413.55798395]]
