MAP_logP:[-42.64688538]
self.map_index:17
self.map_parameter_set:[171.65690708 484.3896714 ]
self.mu_AP_parameter_set:[172.89760509 507.7715617 ]
self.stdap_parameter_set:[ 48.23736171 160.18251836]
self.info_gain:0.12479519743107308
evidence:3.5864044852646045e-23
posterior_cov_matrix:
[[ 2355.56952211 -1215.43684427]
 [-1215.43684427 25975.21004344]]
