MAP_logP:[-42.65638334]
self.map_index:34
self.map_parameter_set:[175.46929897 515.57724871]
self.mu_AP_parameter_set:[148.74946661 480.90198023]
self.stdap_parameter_set:[ 60.77807843 116.4862424 ]
self.info_gain:0.1747433977037257
evidence:3.5138142606090804e-23
posterior_cov_matrix:
[[ 3738.48053817   143.65289197]
 [  143.65289197 13732.52713473]]
