MAP_logP:[-42.63761213]
self.map_index:62
self.map_parameter_set:[165.78240324 503.77101446]
self.mu_AP_parameter_set:[148.79571717 559.3408609 ]
self.stdap_parameter_set:[ 60.16443908 123.25010471]
self.info_gain:0.17933094036952252
evidence:2.9323354987171967e-23
posterior_cov_matrix:
[[ 3661.84995904  1995.78504808]
 [ 1995.78504808 15367.2230576 ]]
