self.initial_point_parameters:[200. 500.]
MAP_logP:[-42.64469394]
self.map_parameter_set:[170.25971214 516.56325977]
self.map_index:22
self.mu_AP_parameter_set:[180.12626498 494.20954845]
self.stdap_parameter_set:[ 33.69959806 110.27650703]
self.info_gain:0.24501849276926635
evidence:4.48817765948701e-23
posterior_cov_matrix:
[[ 1149.51245705  -993.52286863]
 [ -993.52286863 12309.21175951]]
