MAP_logP:[-42.6511604]
self.map_index:71
self.map_parameter_set:[157.51352032 480.3657458 ]
self.mu_AP_parameter_set:[176.71451006 575.36437288]
self.stdap_parameter_set:[ 59.78739325 232.09439231]
self.info_gain:0.10192443642206245
evidence:2.162393466862478e-23
posterior_cov_matrix:
[[ 3619.21404628  4101.97101622]
 [ 4101.97101622 54541.15452851]]
