MAP_logP:[-42.65232624]
self.map_index:0
self.map_parameter_set:[156.94169826 519.38596963]
self.mu_AP_parameter_set:[176.68057753 247.85963137]
self.stdap_parameter_set:[ 62.9396747  114.18746778]
self.info_gain:0.13049146642169446
evidence:2.828530043042202e-23
posterior_cov_matrix:
[[ 4009.71244007  2783.91140753]
 [ 2783.91140753 13197.78728327]]
