self.initial_point_parameters:(200.0, 700.0)
MAP_logP:[-42.63857106]
self.map_parameter_set:[167.36805839 494.20507043]
self.map_index:220
self.mu_AP_parameter_set:[176.59794708 474.09082188]
self.stdap_parameter_set:[ 50.64892218 176.2001857 ]
self.info_gain:0.05323748905871706
evidence:1.900185433218836e-23
posterior_cov_matrix:
[[ 2575.37337057   791.9721177 ]
 [  791.9721177  31168.25644211]]
