MAP_logP:[-3762.03879218]
self.map_index:967
self.map_parameter_set:[ 1.08351033e+00 -3.14248453e-03  6.71369376e-01  4.28324523e+01
  2.77182645e+01  1.10754584e+01  1.62321363e+01  3.05315705e-01
  1.64110762e-01]
self.mu_AP_parameter_set:[ 1.08416942e+00 -4.37588707e-03  5.50007199e-01  4.73609986e+01
  2.66509795e+01  1.11155729e+01  1.54729486e+01  2.79831633e-01
  1.51566121e-01]
self.stdap_parameter_set:[2.93404778e-02 1.25124624e-03 7.78501285e-02 3.09182485e+00
 1.18601908e+00 4.91850008e-01 5.38494176e-01 3.52750842e-02
 1.89694653e-02]
self.info_gain:0.0
evidence:0.0
posterior_cov_matrix:
[[ 8.61725363e-04 -2.04065728e-05  1.79664780e-03 -1.64314590e-02
   3.20776062e-02  1.81366673e-03  1.38704267e-02  7.73162295e-04
   4.11793191e-04]
 [-2.04065728e-05  1.56718433e-06 -1.42013516e-05  6.26094926e-05
  -9.29888073e-04  3.56027260e-04 -3.23699542e-04 -1.39846832e-05
  -4.14502334e-06]
 [ 1.79664780e-03 -1.42013516e-05  6.06670921e-03  1.30910448e-02
   6.44390069e-02  2.00117977e-02  2.67742487e-02  2.14724670e-03
   1.29272200e-03]
 [-1.64314590e-02  6.26094926e-05  1.30910448e-02  9.56894986e+00
  -7.02176429e-01  4.45339398e-01 -5.06044601e-01 -8.82576108e-03
   1.49449115e-02]
 [ 3.20776062e-02 -9.29888073e-04  6.44390069e-02 -7.02176429e-01
   1.40804932e+00 -3.53518608e-02  6.00110510e-01  3.25705910e-02
   1.67237363e-02]
 [ 1.81366673e-03  3.56027260e-04  2.00117977e-02  4.45339398e-01
  -3.53518608e-02  2.42158589e-01  7.12401097e-03  4.49185120e-03
   4.62330899e-03]
 [ 1.38704267e-02 -3.23699542e-04  2.67742487e-02 -5.06044601e-01
   6.00110510e-01  7.12401097e-03  2.90266243e-01  1.34813831e-02
   6.81297985e-03]
 [ 7.73162295e-04 -1.39846832e-05  2.14724670e-03 -8.82576108e-03
   3.25705910e-02  4.49185120e-03  1.34813831e-02  1.24557714e-03
   5.46972523e-04]
 [ 4.11793191e-04 -4.14502334e-06  1.29272200e-03  1.49449115e-02
   1.67237363e-02  4.62330899e-03  6.81297985e-03  5.46972523e-04
   3.60200814e-04]]
Warning: The MAP parameter set and mu_AP parameter set differ by more than 10% of prior variance in at least one parameter. This may mean that you need to increase your mcmc_length, increase or decrease your mcmc_relative_step_length, or change what is used for the model response.  There is no general method for knowing the right  value for mcmc_relative_step_length since it depends on the sharpness and smoothness of the response. See for example https://www.sciencedirect.com/science/article/pii/S0039602816300632