self.initial_point_parameters:[ 1.71e-01 -5.00e-05]
MAP_logP:[-7.34860995]
self.map_parameter_set:[ 1.66456189e-01 -4.12353814e-05]
self.map_index:61
self.mu_AP_parameter_set:[ 0.10959995 -0.00031277]
self.stdap_parameter_set:[0.07640806 0.00011287]
self.info_gain:2.693014734584159
evidence:0.00020778396143703135
posterior_cov_matrix:
[[5.90096846e-03 2.50487934e-06]
 [2.50487934e-06 1.28770744e-08]]
