self.initial_point_parameters:[ 1.71e-01 -5.00e-05]
MAP_logP:[-7.56375612]
self.map_parameter_set:[ 2.06140461e-01 -1.18620415e-04]
self.map_index:61
self.mu_AP_parameter_set:[ 0.14929876 -0.00038758]
self.stdap_parameter_set:[0.07681763 0.0001107 ]
self.info_gain:89023.52081946451
evidence:0.0001354837258700639
posterior_cov_matrix:
[[5.96508935e-03 2.52855207e-06]
 [2.52855207e-06 1.23877910e-08]]
