MAP_logP:[289.22086902]
self.map_index:39
self.map_parameter_set:[28.89668578 34.14353553 17.01548942 10.32292743  0.20682889  0.09104755]
self.mu_AP_parameter_set:[29.88201518 33.85310505 16.75580693 10.81042927  0.19170481  0.09922536]
self.stdap_parameter_set:[3.25396636 5.05481324 0.38843654 0.63221581 0.03691386 0.03070219]
self.info_gain:592.4170860159496
evidence:4.95547153457023e+122
posterior_cov_matrix:
[[ 1.06963409e+01 -1.35995546e+01 -9.65940841e-01  1.12468145e+00
  -1.14831865e-01  9.38531386e-02]
 [-1.35995546e+01  2.58118628e+01  1.13102842e+00 -9.16254748e-01
   1.61262341e-01 -1.48830999e-01]
 [-9.65940841e-01  1.13102842e+00  1.52422567e-01 -2.33274494e-01
   1.20829716e-02 -9.38066262e-03]
 [ 1.12468145e+00 -9.16254748e-01 -2.33274494e-01  4.03775375e-01
  -1.51018322e-02  1.03904699e-02]
 [-1.14831865e-01  1.61262341e-01  1.20829716e-02 -1.51018322e-02
   1.37653725e-03 -1.09230290e-03]
 [ 9.38531386e-02 -1.48830999e-01 -9.38066262e-03  1.03904699e-02
  -1.09230290e-03  9.52243254e-04]]
