self.initial_point_parameters:[40.  40.  13.  13.   0.1  0.2]
MAP_logP:[376.10322722]
self.map_parameter_set:[53.83880958 33.60988329 13.24893493 20.45471553  0.23114804  0.25069333]
self.map_index:5053
self.mu_AP_parameter_set:[53.04865689 32.99455608 13.68928574 20.01424941  0.23400689  0.22458766]
self.stdap_parameter_set:[4.58423582 1.05906478 0.48373352 0.7577135  0.02635939 0.02275251]
self.info_gain:756.6409823013803
evidence:1.0528696099067863e+159
posterior_cov_matrix:
[[ 2.10175533e+01  2.53301700e+00 -1.04357721e+00  1.81264846e+00
   4.17421759e-02  2.75923908e-02]
 [ 2.53301700e+00  1.12174284e+00 -9.37526645e-02  8.02462963e-01
   1.65870010e-02  1.66739921e-02]
 [-1.04357721e+00 -9.37526645e-02  2.34024123e-01 -6.80316683e-02
   4.68895027e-05 -6.95357857e-04]
 [ 1.81264846e+00  8.02462963e-01 -6.80316683e-02  5.74193548e-01
   1.19075699e-02  1.18538313e-02]
 [ 4.17421759e-02  1.65870010e-02  4.68895027e-05  1.19075699e-02
   6.94894585e-04  4.90402080e-05]
 [ 2.75923908e-02  1.66739921e-02 -6.95357857e-04  1.18538313e-02
   4.90402080e-05  5.17734378e-04]]
