self.initial_point_parameters:[40.  40.  13.  13.   0.1  0.2]
MAP_logP:[373.38569755]
self.map_parameter_set:[50.05006341 32.98806276 13.66949953 19.99875943  0.22691584  0.21676061]
self.map_index:2080
self.mu_AP_parameter_set:[47.77353281 30.04421993 13.83609839 17.87408102  0.18660604  0.21906385]
self.stdap_parameter_set:[4.8315008  2.93406121 0.37327073 2.13764402 0.04091302 0.03653409]
self.info_gain:712.7390913212457
evidence:1.2641089085324723e+158
posterior_cov_matrix:
[[ 2.33514522e+01  1.05379140e+01 -4.30526025e-01  7.66829953e+00
   7.73605815e-02 -2.72412181e-02]
 [ 1.05379140e+01  8.61168471e+00 -4.13407922e-01  6.27343896e+00
   9.20166935e-02 -2.68908663e-02]
 [-4.30526025e-01 -4.13407922e-01  1.39379099e-01 -3.04329657e-01
  -5.04490001e-03  7.90536363e-03]
 [ 7.66829953e+00  6.27343896e+00 -3.04329657e-01  4.57109820e+00
   6.73078469e-02 -2.04264219e-02]
 [ 7.73605815e-02  9.20166935e-02 -5.04490001e-03  6.73078469e-02
   1.67445225e-03 -7.97177835e-04]
 [-2.72412181e-02 -2.68908663e-02  7.90536363e-03 -2.04264219e-02
  -7.97177835e-04  1.33519995e-03]]
