MAP_logP:[372.56613287]
self.map_index:626
self.map_parameter_set:[32.66049415 40.40490158 19.79005764 14.10859608  0.16232041  0.27289995]
self.mu_AP_parameter_set:[12175.8829679  13216.14594053  -468.77542412 -1062.08294829
   -20.21339955    15.73946619]
self.stdap_parameter_set:[34959.77010808 34141.82951327  3153.53771119  5272.18644615
   169.32276192   231.66370021]
self.info_gain:-0.019750094930262554
evidence:4.708928356714409e+153
posterior_cov_matrix:
[[ 1.22356341e+09  1.20273216e+08  1.18927772e+07 -9.59858015e+07
  -1.98228771e+06  1.95717385e+06]
 [ 1.20273216e+08  1.16697869e+09 -3.57651799e+07 -2.07288706e+07
  -1.09470086e+06 -1.37437212e+06]
 [ 1.18927772e+07 -3.57651799e+07  9.95601182e+06 -7.02828292e+06
  -1.84954001e+05  1.05284590e+05]
 [-9.59858015e+07 -2.07288706e+07 -7.02828292e+06  2.78272870e+07
   4.40648596e+05 -8.25198342e+05]
 [-1.98228771e+06 -1.09470086e+06 -1.84954001e+05  4.40648596e+05
   2.87025204e+04 -2.15568993e+03]
 [ 1.95717385e+06 -1.37437212e+06  1.05284590e+05 -8.25198342e+05
  -2.15568993e+03  5.37285751e+04]]
