MAP_logP:[376.08249122]
self.map_index:599
self.map_parameter_set:[50.84736639 33.1785014  12.71535263 20.15766407  0.0606503   0.21544758]
self.mu_AP_parameter_set:[4.52802145e+01 3.27693917e+01 1.34043306e+01 1.98543638e+01
 5.38594355e-04 2.18240755e-01]
self.stdap_parameter_set:[5.74316988 0.57976217 0.53967626 0.43184519 0.04437121 0.00840117]
self.info_gain:975.7900592643923
evidence:4.529970306957974e+159
posterior_cov_matrix:
[[ 3.30206899e+01  1.85790359e+00 -2.72391518e+00  1.31934450e+00
   1.96432965e-01  2.31499165e-02]
 [ 1.85790359e+00  3.36498056e-01 -2.17862783e-01  2.50098475e-01
   1.76790489e-02  9.59372405e-04]
 [-2.72391518e+00 -2.17862783e-01  2.91574441e-01 -1.57355405e-01
  -2.30873258e-02 -4.46773511e-04]
 [ 1.31934450e+00  2.50098475e-01 -1.57355405e-01  1.86697712e-01
   1.30575897e-02  6.43846635e-04]
 [ 1.96432965e-01  1.76790489e-02 -2.30873258e-02  1.30575897e-02
   1.97099447e-03 -1.31618340e-05]
 [ 2.31499165e-02  9.59372405e-04 -4.46773511e-04  6.43846635e-04
  -1.31618340e-05  7.06582211e-05]]
