self.initial_point_parameters:[40.  40.  13.  13.   0.1  0.2]
MAP_logP:[121.73286508]
self.map_parameter_set:[8.13469088e+01 2.58129152e+01 1.45291901e+01 1.48804467e+01
 2.68907089e-01 7.10252771e-02]
self.map_index:19
self.mu_AP_parameter_set:[7.91949881e+01 2.61582103e+01 1.43887467e+01 1.50303795e+01
 2.68849644e-01 7.86609688e-02]
self.stdap_parameter_set:[4.41911547e+00 8.27333357e-01 3.05133093e-01 3.80411900e-01
 1.96847935e-03 1.56929721e-02]
self.info_gain:879.7064336864124
evidence:6.960686711303898e+49
posterior_cov_matrix:
[[ 1.97278528e+01 -3.08502070e+00  1.26777243e+00 -1.41192064e+00
   1.78382739e-04 -6.97346947e-02]
 [-3.08502070e+00  6.91464978e-01 -2.49543677e-01  1.23658174e-01
  -9.32279688e-04  1.15956566e-02]
 [ 1.26777243e+00 -2.49543677e-01  9.40562679e-02 -6.68997883e-02
   2.33374005e-04 -4.65082426e-03]
 [-1.41192064e+00  1.23658174e-01 -6.68997883e-02  1.46189879e-01
   4.07496165e-04  4.66997850e-03]
 [ 1.78382739e-04 -9.32279688e-04  2.33374005e-04  4.07496165e-04
   3.91445087e-06 -3.61853110e-06]
 [-6.97346947e-02  1.15956566e-02 -4.65082426e-03  4.66997850e-03
  -3.61853110e-06  2.48782327e-04]]
