MAP_logP:[657.5869254]
self.map_index:152668
self.map_parameter_set:[ 0.34151292 47.21663436 29.52701635 30.86701269 16.54532649  0.07054933
  0.06712165]
self.mu_AP_parameter_set:[ 0.24665321 40.41193746 25.08746246 25.74807343 13.21220313  0.0781138
  0.15639727]
self.stdap_parameter_set:[0.08628282 4.94972742 3.4264538  3.7380961  2.54293077 0.06231195
 0.07765619]
self.info_gain:-469.1267467155604
evidence:2.457597830499922e+280
posterior_cov_matrix:
[[ 7.44476720e-03  3.09381250e-01  2.26401662e-01  2.35875904e-01
   1.81315994e-01 -3.28455499e-03 -4.24611273e-03]
 [ 3.09381250e-01  2.44999376e+01  1.40294469e+01  1.84997783e+01
   1.03380529e+01 -2.06961387e-01 -1.69978604e-01]
 [ 2.26401662e-01  1.40294469e+01  1.17406509e+01  1.06506635e+01
   8.63568839e+00 -1.47176499e-01 -2.06855121e-01]
 [ 2.35875904e-01  1.84997783e+01  1.06506635e+01  1.39734400e+01
   7.85230990e+00 -1.58207647e-01 -1.29482886e-01]
 [ 1.81315994e-01  1.03380529e+01  8.63568839e+00  7.85230990e+00
   6.46653285e+00 -1.07832158e-01 -1.60082311e-01]
 [-3.28455499e-03 -2.06961387e-01 -1.47176499e-01 -1.58207647e-01
  -1.07832158e-01  3.88280119e-03  1.30883815e-03]
 [-4.24611273e-03 -1.69978604e-01 -2.06855121e-01 -1.29482886e-01
  -1.60082311e-01  1.30883815e-03  6.03051758e-03]]
Warning: The MAP parameter set and mu_AP parameter set differ by more than 10% of prior variance in at least one parameter. This may mean that you need to increase your mcmc_length, increase or decrease your mcmc_relative_step_length, or change what is used for the model response.  There is no general method for knowing the right  value for mcmc_relative_step_length since it depends on the sharpness and smoothness of the response. See for example https://www.sciencedirect.com/science/article/pii/S0039602816300632